x= 2.4778297503016176 , -3.181276403035981 , -3.181276403035981 , 2.4778297503016176 , -1.7631213363305784 , -1.7631213363305784 , -7.422227489668177 , -7.422227489668177 , 1.4209705070145713 , 
y= 7.423635209822761 , 1.7690337609798332 , 1.7690337609798332 , 7.423635209822761 , 11.66796482482596 , 11.66796482482596 , 6.013363375983032 , 6.013363375983032 , 16.969998315208954 , 
z= -3.0 , -3.0 , 15.0 , 15.0 , 15.0 , -3.0 , -3.0 , 15.0 , 21.0 , 